PADDLE 598.738 570
BALL 537.781 512.93 -300 300
BLOCKS_COUNT 41
0 60 64.8333 20 1
66.8333 60 64.8333 20 1
133.667 60 64.8333 20 1
200.5 60 64.8333 20 1
267.333 60 64.8333 20 1
334.167 60 64.8333 20 1
401 60 64.8333 20 1
467.833 60 64.8333 20 1
534.667 60 64.8333 20 1
601.5 60 64.8333 20 1
668.333 60 64.8333 20 1
735.167 60 64.8333 20 1
0 82 64.8333 20 2
66.8333 82 64.8333 20 2
133.667 82 64.8333 20 2
200.5 82 64.8333 20 1
267.333 82 64.8333 20 2
334.167 82 64.8333 20 2
401 82 64.8333 20 2
467.833 82 64.8333 20 2
534.667 82 64.8333 20 2
601.5 82 64.8333 20 2
668.333 82 64.8333 20 2
735.167 82 64.8333 20 2
0 104 64.8333 20 2
66.8333 104 64.8333 20 2
334.167 104 64.8333 20 2
401 104 64.8333 20 2
467.833 104 64.8333 20 2
534.667 104 64.8333 20 2
601.5 104 64.8333 20 2
668.333 104 64.8333 20 2
735.167 104 64.8333 20 2
0 126 64.8333 20 2
66.8333 126 64.8333 20 2
334.167 126 64.8333 20 2
401 126 64.8333 20 2
467.833 126 64.8333 20 2
534.667 126 64.8333 20 2
601.5 126 64.8333 20 1
735.167 126 64.8333 20 2
